[Documentation]
information1 = This file stores the OID assignments for resources defined in this IG.
information2 = It must be added to git and committed when resources are added or their id is changed
information3 = You should not generally need to edit this file, but if you do:
information4 =  (a) you can change the id of a resource (left side) if you change it's actual id in your source, to maintain OID consistency
information5 =  (b) you can change the oid of the resource to an OID you assign manually. If you really know what you're doing with OIDs
information6 = There is never a reason to edit anything else

[Key]
CodeSystem = 9
ValueSet = 6
StructureDefinition = 11

[CodeSystem]
medicaid-application-status = 2.16.840.1.113883.4.642.40.42.16.1
medicaid-credentialing-status = 2.16.840.1.113883.4.642.40.42.16.2
medicaid-enrollment-status = 2.16.840.1.113883.4.642.40.42.16.3
medicaid-provider-risk-category = 2.16.840.1.113883.4.642.40.42.16.4
medicaid-provider-specialty-board = 2.16.840.1.113883.4.642.40.42.16.5
medicaid-qualification-type = 2.16.840.1.113883.4.642.40.42.16.6
medicaid-revalidation-reason = 2.16.840.1.113883.4.642.40.42.16.7
medicaid-screening-level = 2.16.840.1.113883.4.642.40.42.16.8
medicaid-verification-status = 2.16.840.1.113883.4.642.40.42.16.9

[ValueSet]
medicaid-credentialing-statuses = 2.16.840.1.113883.4.642.40.42.48.1
medicaid-enrollment-statuses = 2.16.840.1.113883.4.642.40.42.48.2
medicaid-provider-types = 2.16.840.1.113883.4.642.40.42.48.3
medicaid-qualification-types = 2.16.840.1.113883.4.642.40.42.48.4
medicaid-specialty-codes = 2.16.840.1.113883.4.642.40.42.48.5
medicaid-verification-statuses = 2.16.840.1.113883.4.642.40.42.48.6

[StructureDefinition]
medicaid-credentialing-status = 2.16.840.1.113883.4.642.40.42.42.1
medicaid-endpoint = 2.16.840.1.113883.4.642.40.42.42.2
medicaid-enrollment-status = 2.16.840.1.113883.4.642.40.42.42.3
medicaid-healthcare-service = 2.16.840.1.113883.4.642.40.42.42.4
medicaid-location = 2.16.840.1.113883.4.642.40.42.42.5
medicaid-organization = 2.16.840.1.113883.4.642.40.42.42.6
medicaid-practitioner-role = 2.16.840.1.113883.4.642.40.42.42.7
medicaid-practitioner = 2.16.840.1.113883.4.642.40.42.42.8
medicaid-provider-id = 2.16.840.1.113883.4.642.40.42.42.9
medicaid-specialty-board-certification = 2.16.840.1.113883.4.642.40.42.42.10
medicaid-verification-result = 2.16.840.1.113883.4.642.40.42.42.11

